name = COCHOX
heat_of_formation_0K = [-239.6811769932164, 'kJ/mol']
composition = {'H': 1, 'C': 2, 'N': 0, 'O': 2, 'Cu3Sn': 1}
sites = 1
adsorbate_mass = [57.02784, 'amu']
frequencies = [17.01, 45.01, 82.89, 103.77, 178.25, 244.77, 277.34, 421.24, 639.58, 859.87, 906.36, 1295.26, 1499.86, 1666.34, 2779.02, 'cm-1']