name = OCHCH2OHX
heat_of_formation_0K = [-355.0101232512527, 'kJ/mol']
composition = {'H': 4, 'C': 2, 'N': 0, 'O': 2, 'Cu3Sn': 1}
sites = 1
adsorbate_mass = [60.05136, 'amu']
frequencies = [21.72, 29.81, 45.54, 82.55, 97.17, 133.71, 193.15, 215.84, 326.24, 543.08, 670.97, 991.71, 1039.14, 1067.9, 1182.71, 1183.83, 1317.31, 1355.35, 1396.58, 1661.76, 2801.64, 2812.96, 2899.29, 3760.96, 'cm-1']