name = OCHCH2X
heat_of_formation_0K = [-170.61297941164153, 'kJ/mol']
composition = {'H': 3, 'C': 2, 'N': 0, 'O': 1, 'Cu3Sn': 1}
sites = 1
adsorbate_mass = [43.04452, 'amu']
frequencies = [34.79, 46.74, 119.15, 159.72, 229.53, 244.28, 530.09, 694.46, 804.73, 930.33, 932.95, 1127.96, 1289.28, 1363.47, 1605.34, 3040.47, 3081.76, 3186.09, 'cm-1']