name = OCHCH3X
heat_of_formation_0K = [-200.58958787821618, 'kJ/mol']
composition = {'H': 4, 'C': 2, 'N': 0, 'O': 1, 'Cu3Sn': 1}
sites = 1
adsorbate_mass = [44.05236, 'amu']
frequencies = [31.85, 52.81, 54.8, 70.24, 84.06, 122.43, 158.32, 505.67, 691.1, 932.15, 1060.78, 1084.55, 1307.97, 1371.87, 1389.91, 1405.6, 1659.58, 2886.15, 2934.78, 2988.19, 3077.48, 'cm-1']