name = OCHCHOHX
heat_of_formation_0K = [-319.28871081013784, 'kJ/mol']
composition = {'H': 3, 'C': 2, 'N': 0, 'O': 2, 'Cu3Sn': 1}
sites = 1
adsorbate_mass = [59.04352, 'amu']
frequencies = [24.73, 74.57, 119.96, 137.19, 146.98, 210.62, 218.36, 365.65, 384.93, 590.99, 773.02, 845.15, 1076.73, 1132.73, 1182.96, 1277.64, 1305.88, 1646.79, 3052.4, 3083.81, 3784.67, 'cm-1']