name = OCHCHX
heat_of_formation_0K = [-123.06378690998969, 'kJ/mol']
composition = {'H': 2, 'C': 2, 'N': 0, 'O': 1, 'Cu3Sn': 1}
sites = 1
adsorbate_mass = [42.03668, 'amu']
frequencies = [100.28, 133.06, 243.81, 301.97, 306.07, 389.93, 677.42, 769.99, 913.59, 1087.18, 1240.3, 1310.32, 1437.36, 2928.67, 3031.73, 'cm-1']