name = OCHOCHX
heat_of_formation_0K = [-320.8587123589612, 'kJ/mol']
composition = {'H': 2, 'C': 2, 'N': 0, 'O': 2, 'Cu3Sn': 1}
sites = 1
adsorbate_mass = [58.03568, 'amu']
frequencies = [55.34, 61.36, 89.0, 182.84, 238.74, 243.91, 357.3, 468.5, 687.44, 789.85, 856.56, 995.97, 1180.2, 1260.38, 1380.92, 1437.34, 3011.58, 3052.17, 'cm-1']