name = XCOXCO
heat_of_formation_0K = [-210.85057720835937, 'kJ/mol']
composition = {'H': 0, 'C': 2, 'N': 0, 'O': 2, 'Cu3Sn': 2}
sites = 1
adsorbate_mass = [56.019999999999996, 'amu']
frequencies = [90.57, 115.72, 197.63, 247.93, 279.05, 306.42, 354.26, 457.25, 662.68, 676.13, 1538.32, 1584.93, 'cm-1']