name = CH2OHX
heat_of_formation_0K = [-157.87468893094845, 'kJ/mol']
composition = {'H': 3, 'C': 1, 'N': 0, 'O': 1, 'Cu': 1}
sites = 1
adsorbate_mass = [31.033520000000003, 'amu']
frequencies = [83.65, 94.21, 157.44, 171.98, 339.82, 413.57, 442.0, 879.24, 1060.44, 1124.34, 1294.24, 1365.09, 2929.89, 2990.28, 3606.75, 'cm-1']