name = CH3X
heat_of_formation_0K = [-11.017378595923475, 'kJ/mol']
composition = {'H': 3, 'C': 1, 'N': 0, 'O': 0, 'Cu': 1}
sites = 1
adsorbate_mass = [15.03452, 'amu']
frequencies = [136.19, 163.77, 273.39, 332.01, 541.43, 543.68, 1162.53, 1351.11, 1352.23, 2891.0, 2962.07, 2965.43, 'cm-1']