name = COCHOX
heat_of_formation_0K = [-273.0565360298573, 'kJ/mol']
composition = {'H': 1, 'C': 2, 'N': 0, 'O': 2, 'Cu': 1}
sites = 1
adsorbate_mass = [57.02784, 'amu']
frequencies = [66.18, 99.21, 134.52, 163.17, 236.64, 240.52, 289.63, 441.79, 614.75, 795.05, 854.9, 1266.03, 1548.32, 1611.24, 2674.16, 'cm-1']