name = OCHCHOHX
heat_of_formation_0K = [-351.05971461964725, 'kJ/mol']
composition = {'H': 3, 'C': 2, 'N': 0, 'O': 2, 'Cu': 1}
sites = 1
adsorbate_mass = [59.04352, 'amu']
frequencies = [59.9, 80.79, 103.63, 134.84, 172.96, 256.04, 283.91, 385.12, 486.1, 723.71, 736.0, 827.23, 969.16, 1107.06, 1186.94, 1249.77, 1363.89, 1539.23, 3004.49, 3126.71, 3601.31, 'cm-1']