name = OCHCH3X
heat_of_formation_0K = [-207.61216015050056, 'kJ/mol']
composition = {'H': 4, 'C': 2, 'N': 0, 'O': 1, 'Cu': 1}
sites = 1
adsorbate_mass = [44.05236, 'amu']
frequencies = [9.99, 21.45, 44.39, 79.39, 118.25, 132.68, 145.31, 501.62, 709.93, 896.17, 1064.69, 1098.9, 1314.6, 1366.33, 1379.72, 1401.87, 1669.82, 2871.97, 2933.25, 3005.96, 3060.38, 'cm-1']