name = OCHCH2X
heat_of_formation_0K = [-178.95812174395462, 'kJ/mol']
composition = {'H': 3, 'C': 2, 'N': 0, 'O': 1, 'Cu': 1}
sites = 1
adsorbate_mass = [43.04452, 'amu']
frequencies = [61.38, 98.3, 126.23, 169.54, 219.32, 331.13, 509.47, 733.66, 832.81, 879.35, 956.76, 1158.98, 1243.8, 1357.68, 1443.04, 2964.6, 2990.68, 3134.56, 'cm-1']