name = OCHCHX
heat_of_formation_0K = [-136.3467254690578, 'kJ/mol']
composition = {'H': 2, 'C': 2, 'N': 0, 'O': 1, 'Cu': 1}
sites = 1
adsorbate_mass = [42.03668, 'amu']
frequencies = [61.84, 103.83, 207.94, 244.71, 289.5, 373.92, 651.06, 729.89, 911.5, 1066.65, 1216.34, 1300.82, 1395.27, 2941.44, 2972.53, 'cm-1']