name = OCHCH2OHX
heat_of_formation_0K = [-362.68229743726596, 'kJ/mol']
composition = {'H': 4, 'C': 2, 'N': 0, 'O': 2, 'Cu': 1}
sites = 1
adsorbate_mass = [60.05136, 'amu']
frequencies = [16.84, 22.68, 28.84, 44.97, 101.23, 112.23, 180.18, 233.54, 320.78, 535.44, 668.74, 989.88, 1041.35, 1071.35, 1180.41, 1185.79, 1315.3, 1347.91, 1394.01, 1659.56, 2742.67, 2812.68, 2901.73, 3751.94, 'cm-1']