name = OCHOCHX
heat_of_formation_0K = [-325.63969325149225, 'kJ/mol']
composition = {'H': 2, 'C': 2, 'N': 0, 'O': 2, 'Cu': 1}
sites = 1
adsorbate_mass = [58.03568, 'amu']
frequencies = [47.69, 86.25, 101.07, 200.83, 233.04, 283.15, 362.19, 461.61, 658.81, 796.62, 850.32, 996.38, 1159.24, 1257.31, 1365.8, 1434.72, 3012.79, 3098.78, 'cm-1']